¹· II. Index rorum.

1, 19. 188,11. 189, 1. 190,1, 11.
801,11. 86814. 898, s. 808,
11. 14. 806,1. 88111. 417, 7.
cf. 188,1.1. 189,1.

Δίωνος 168,10.

Δόχμιος 314, 88. 316,8. 316, 8.

Δύναμις 3, 8. 16,14. 81,8. 6.
98, ιο. 99,1. 100,11. 104,1.
18110. 801,11. 808, 1. 807,
1. 10. 878,1.11. 877, s. 899, 1.
889, 5. 848, 11. soni 806,1ο.
814, 5. 9. 88610. 886. 848, 11.
111. 111, 1. 9.

Δυνατόν 34,1. 19. 1101,

Δύο δοέσ. 16, 81. δυοῖν 9599.
19, 88. 80, 88. 61811111οού-
14118111.

Δυσὲμπτωτον 866, 8.

Δνσεμφάτως 844, 5.

Δυσκίνητον 76,14.

Δύσληπτον 806,11.

Δυσπαλές 841,11.

Δωδεκατημόριον 198, 4195 7.

Δώριος τόνος 803, 4. 804,1.
101, 7. 1011111111, ham.
309,9. 1111.

Δωριστί 8817, 87,11. 33.

Ἐβδομάς 8,77 11,

Ἐγγύθεν βαρὺ &novitas 68, 1.

Ἐγκὲφαλος 873,10.

Ἐγκώμιον 806,17.

Ἐγχειρίδιον8 878,

Ἐθος 99,

Εἰδικόν 480,11.

Εἶδος 19,1. 81,1, 88,1. 31811,
414, 5. 480,11. 11101118 8311111.
(180.) diatess 1361876111,
89811. 308,.1. 3461111. dia·
pente 196. 876,11. 308,11,
346,11. diapason 197. 8761,
308,17 3468 (vlf sympho-
1811811833 ,11 1111307,17.
30911.) harmoniarum 11110
88,11,1 10101011130117308,7.

’ 411

807,11. 810,11. 311111. gs-
norum 331,1.11.

Εὕκοσι 992 ὀκτὼ φθ. 8748.
(87811880, 11. 0187811.

Ε1ς881411.81,10.111011118080.
81,.1 1811118011 81 ac-
tus 81,1. 08111187,1. sonus
1399591.

Elooeyay95179 88118. ·89·8,1.
1111 (111, 4 >990 19. 107’,-..
[Εσπνοή 667.

Ἐκβολή 800,11. 368,·.1
Εκθεσις σημείων 347,11
Ἐκιοο1111119,17 801.
Ἐ114611111,10.

Ἐκλυσις 300,1.1 391, 80.
Ἐοιλντος φθ. 844 8
’999929'99959 ,11. 80,,6187417
888, 17. 19. 880, 11. 11.
Ἐκῖινέοντες φωνοῦμεν 66, 9.
( 7,11

Ἐκπνοήο diaetis 66,.11
Εκτοισις 861,1.

Ἐκτεμνόμενα spadones 10,11·.
11,11.14,14.

Ἐκτικοι 98,10.
Ἐκφὼνησις 886,1. 314,1.
Ἔλαττον 96, 4. motus 19, 87.

80,.1, 1191. aer 76,11. vox
75, 10, 83,11. syllb. 813, 80.
synt. 335,19. intv. 330,11.
8811111. 3431.

Ἐλάχιστον 10,11. 31311. ter·

mini rationis 1599. μόριον
19811. 416,1,

Ἐλευθέριον 88,1,
Ἐλεύθερος 30,1. 11. 31,1. 38,11.

80, 10.

Ἕλικες 6,1,
Ἔλλειψις (opp. λόγος) 19, 19.

861,1ο,

Ἔμετος 67,18.
Ἐμμέλειοι 840, 19.

Εμζμελές 11901.. 806, ,11- 11,, 8068,
1111, 1l 3111 10279818ῗῖ 19

'171¹

 

