· ·.’”14,1441414’44·444.,’

Γ46414 6 41.

1004441001.

1044441474 0774 4111441044.

1114104104

1144414444 10, 44.

1141611,14.44106,4.

114441410014.

mamm 7,0. 104. 110144Δ
06, 44.

10614444 048, 44.

140444040ομ4 100 44
10444404 16, 44. 0001.

mfflmn

100014 80, 40.

mma 10, 14. 077 4 047, 44.
417, 14. 418,14

wmw,mm‚m

15 (44411414 007, 14. 40.

1144411044. ·66,4. 70,41 70,41.

root« 10, 4. 00, 0.

414444011414 414.

Δ414140144(111411114) 17,14. 000,
4,4. 06014 (144411ηο0044.)

41340444 71,14.

Δ141404144444 100, 14.

4144141401 07014 4.

4144411441 44144441 1004.

4401101101 104,10.

Διάγραμμι 207, 0. 000, 44. 050,
waQmmmm
14. 344. 0404.

Διαγωγή 00, 41. 44. 001444.
001. 304.

Διαζευγνύναι 200, 4. 201, 1.
003, 6. 311, 6. 335-30.4 v.
111εὲ1444441 400

404114οξ44μ 13010. 1004. 201,
14.14.000,4.·140,44 103,
1014014016. 076,..30010.
001, 10. 606, 44. 300, 14. 310 4.
311,0. 033, 40. 334, 4. 11. 300.

4144104444 0004.

Δ44114114160,14.161,14.16014.
16014. 14. 166, 4. 10014.
10014. 060, 4. 010, 4. 4104.

1114. 444141. ed. 1414.

&L
41011 0144044144. 344141.

408071114100,1.100,14.100.
101,..444 1701144. 000,41.
106ζ4001,.4’,.416411

Δ104114444 41441. 44. (1040 066)
44ηο67 060. 040. 044,4.

7444414 0414 60, 4.
Δ 100444 77,1. 00011.

Δ1411 44 0140411444 804.
Δ 444 74,4. 70, 44 64410-
&pum 14441 60,4.

ὼΜωἈό
4141444444 70 4. 100, 14 06010.
414414441441104 006, 46.
414114441444104 000,4.
0114144441οοὶ ’10,1. 10,14.
106,11.160,4.44.40410’1041
omumeffiffim
119.100,46.18183.101,.4
10044410041004000,
ιῃηοηο1οη
04106. 253. ⁹266. ⁰3198u.
1611440 140 ’170141 000,
0010. 003,1.·130,1.·198,1.14.
mmmuwwm.
31044. 000410. 300. 303, 41.
330 4. 03014. 33011. 330.
341, 44. 04014. 344, s. 36044.
416, 6. 41014. 0141410404,
14114410, 1144114441, 41404104,
10410104 411444.
Διαστημαηκόν 367, s. 413, 4.
κίνησις 180, 11. 16 131011.
13044. φωνή 310.
Διασχίζειν 040414μὲ404 262, 5.
Διατείνεσθαι 06, 4.
Διατονικόν 107, 11. 1801614,
191, 4. 10014. 140, 41. 040,
1. 4. 066, 44, 160, 44. 16010.

31

 

