11. 11181 rm. ’,-

8781. 87811. 11. 808, 18.
80811801. 0817811. 811-
mmmmm-eo.
188-88. 184. 881. 888. 848.
88811. 88881. 4181. diez
1881. 18818. 8081. 8881.
(8881. 8888.) 8181. 88811.
8184 111888188180011.
88881. (88818.) 88811.
(884, 8. 88811) 88818.
888 8. 11111811). 1881. 18811.
8081. 88811. 88818. 88818.
87818. 8881.) 88811. 8481.

1111881118 88881. 88811.

491

88, 18. 781. 781818. 78,1.

78 1. 8818. 881, nonum
11111118 acutum 8,11. 881.
88888888
111181181881. exiguum
848, 7. (8118801.) 011181
181. 101.

’0811011111 818. 8888.
01111847.

’0881 81, 11. 1818. 181. 181,
8888. 888.

’01111141 80, 8.

’0111181818 181. 8181. vox
1811. 1181181811.

Num 7881. tynam 808, 8. ’0111111181881
80818. 888. diez. 800, 8 ’0118111 1111811181 1881811.

80818. 8881. 8181. 818188.
hypb. 80811. 888. 8481.
N 111818 84818. 888818.
Nam 7818. 7811.
Nom& 811181. 80811. 11.
1701181 mun. 881. 8811. 88.
884, 1881. 8.)
Ν oe 881.
87118181 8488.
Natalis· 84810.

,7118 1811.
Ξηρότης 416. 410, 8.

’0111181 φθόγγος 8481.

Dyme 681. 8481. 84811.

Ὁδὸς 248, 8. μέλους 807, 8.

’0011111811 2818.

olma 80818.

07111181. 1181.

0118811 1081.

0111181888 848, 81. 84811.
888, 8. 8081. 8181. duo

81811 1 38

’0188111381118111111 41811.

Ὀιτθωωικοσόφθογγος 878, 8.

’01111181111811 fertur
1811111181. 8,11. 0811
0⁸⁶⁴· 888. 6811. 0811.

8801181 808, 81.

’0188811111 801, 1.

‘omnm 81, 1. 181. 108108.

80.

’0181111188 810811 861.

’0118181111 84818.

’0118881178 808, 8.

’0181118181 88818. 8301.

’0111181181 8818.

Ὀμοφωνία 308111.

Ὀμόφωνυν 888. 100, 8. 88818.
878, 11. 888, 11. 337, 8. 1.

Ὁμώνυμα 34818.

’0111814888 sonorum 8481.
8681. 11. 308, 1ο. 814, 8. 1.
33818. 348, s. 84811. 18.

’ῧέιτὲαίὲέἐέ 8111. 81. 881.
gustu 1081. 11111111 181.
13, 5. 14, 111. 181. 18. 8811.
881. 8811. 8811. 881. 88.
10811. 1181. 8781. 30818.
38811. 3381. 1111111181. 181
in motu 1118181188, celeri:
v. ταχύ, in minore copia:
v. ὀλίγον. in angusto 66, 8.
chorda 1111110888. est
infirmitatis 0811. 0818. 78,
11111. 73, 8. 781. 8811. 888.
cedit gravi 881. 081. -

 

