11. meatorum. ’

Τετραπλάσιον 102, 16. 160, 6.
164, 6 266, 6664. 268, 11.
640,.6 412. 414, 66. 420,’6.

Tam 277, 66. 66.

Teretinam 414, 10.

7666666666 187, 16. 603, 66. 66.

Τετράχορδον 96, 7. 106,16.
107,6. 190, 6. 169, 66-16. 2006.
202,.1 244, 66. 246. 249, 66η.
2666. 266, 6. 66. 260,6. 262,
6..64 266,16. 276,.6 281,16
282, 11. 298-99 900, 66.
601,6.6 606,..66 609,.6
609, 16. 310- 12. 361, 6. 962
-66, 642, 66. 66. 646, 14. 66

Τέχνη 24, 6. 60, 61. 292, 1.
002,11.

76666606 29, 66. 66. 91,6. τεχ-
νικοί 77, 6.

Τεχνίτης 61,10.

7666120766.

Τονιαίον 108, 6. 160, 16-16.
189,66. 206, 64. 2676. 271,16.
611,64. 632,ι6. 668,61. 641, 66.
chroma 101, 6. 6. 162, 66.

Τόνος 202. 300. 1811610 8, 20.
100, 6. 20416. 30666. sonus
202, 8. 207, 6. intervallum
101. 162,6. 168,6. 166,6,
181, 6466. 187, 6. 18. 189-92.
166, 66. 196-69, 16. 2006.
208, 2. 204, 12. 245. 248, 21.
249. 266, 6. 8. 267,16. 2686.
2626, 2646. 267-71, 298,6.
268,14. 601,16. 803. 606. 308.
311,4. 20. 830 4. 331-36.
968. 341,66. 842. 344. 34916.
360,6. 416. - 29, toni 161,1.
164, 9. 266, 20. 294. 666, 6
2701 267,4.1166 338, 6.
sex 100, 20 194,6. 6,(263 92.)
264. 839, 12.- 82Ᾰ,- -121,
164. 294. ratio 1,6 161.
246,16. - tropus 179, 6.
180, 6. 203,4. 20616. 2766.
277, 6. 612, 6. 327, 6. 630, 6.

“’ 499

647, 66. 667, 64. 66. 36866

76666676. 11, 66. 70, 10. 71, 20.
180,4. 261, 6. 3096 619,.6
812,6.847,16.φων216194,60.
2064. 289,16-41. 802, 14.
62823οΓ1 lichani 189, 66

Τραγίζειν 1.1,4 14, 62.

Τραγικόν 80,7.

Τραγῳὸία 94 6. 16. 108,.7 206, 6.

Τραχύ 111,6 6. φωνή 11, 28.
14, 66 24166 chorda 14, 22.

Τραχύνεσθα1 70,16. 188,.2

Τραχύιης 12,6.

Τραχυφωνία 11, 66.

Τρὲμειν 71,16. 76,16.

Τρῆμα 91,1.

Τριάκοντα ἓξ 279,.6 2821..

7161666666 279,6. 111611. 90, 66.
61, 6. 243,16. 248,16.

Τριημιτονιαῑον 330, 6.

Τριημιτόνιον 181, 16. 16. 191, 6.
(201, 61.) 204, 14. 263, 6.
262, 16. 298, 11. 603. 331, 66

Τρι6171ὶσιον 166.160,.6 λόγος
340,1 6649661592 τρι-
πλαισίων 841, 9.

Τριπλοῦν 6066. 201,11.

Τρίσημον 414, 60. 416, 6.

Τρισκαιὸεκάχορδον 25716.

16666616. 666. 166, 66. 66616.
246, 4. 262, 666. 2636. 26726.
666, 2. 272, 0. 308, 14. 646,
616. 4206. 61626111. singu-
lorum 0918 1826. 204. 281.
336. 36266 sessa—418⁷.
61 hypb. 1666 330,11. 340.
— d1ez 100, 16. 197,16
268 66 2686626 16 61 hypb
198,6. 2661626 ,6 9,6. 609,4.6.
synemm. 266, 20. (205,11.)
333, 22. 334, 6. ἀρχαία 207,16.

Τριτημόριον 166, 4. 192, 16.
416, s.

Τρίτονον 187,16. 189,6. 19611.
66616.

212*

 

